500 5 1 4 0.5
500 5 3 4 0.5
500 5 5 4 0.5
500 10 1 4 0.5
500 10 3 4 0.5
500 10 5 4 0.5
500 15 1 4 0.5
500 15 3 4 0.5
500 15 5 4 0.5
500 30 1 4 0.5
500 30 3 4 0.5
500 30 5 4 0.5
1000 5 1 4 0.5
1000 5 3 4 0.5
1000 5 5 4 0.5
1000 10 1 4 0.5
1000 10 3 4 0.5
1000 10 5 4 0.5
1000 15 1 4 0.5
1000 15 3 4 0.5
1000 15 5 4 0.5
1000 30 1 4 0.5
1000 30 3 4 0.5
1000 30 5 4 0.5
2000 5 1 4 0.5
2000 5 3 4 0.5
2000 5 5 4 0.5
2000 10 1 4 0.5
2000 10 3 4 0.5
2000 10 5 4 0.5
2000 15 1 4 0.5
2000 15 3 4 0.5
2000 15 5 4 0.5
2000 30 1 4 0.5
2000 30 3 4 0.5
2000 30 5 4 0.5
